[[-238.69841   ,  -66.77227   ,  -56.16628   ,  -42.921066  ,
         -39.427734  ,  -30.908361  ,  -28.806555  ,  -20.389456  ,
         -19.68917   ,  -20.133495  ,  -17.138155  ,  -17.08922   ,
         -17.051765  ,  -14.7256565 ,  -13.499108  ,   -9.59139   ,
          -8.3524885 ,   -7.121845  ,   -5.076954  ,   -5.205766  ,
          -4.9378123 ,   -4.3754425 ,   -4.4352016 ,   -4.3528714 ,
          -4.1665907 ,   -4.240907  ,   -3.0194833 ,   -2.727437  ,
          -2.4461405 ,   -2.334302  ,   -2.284637  ,   -1.4570554 ,
          -1.4413354 ,   -1.2258857 ,   -1.0140666 ,   -0.88816434,
          -0.77128494,   -0.59503025,    0.        ,    0.        ,
           0.        ,    0.        ,    0.        ,    0.        ,
           0.        ,    0.        ,    0.        ,    0.        ,
           0.        ,    0.        ,    0.        ,    0.        ,
           0.        ,    0.        ,    0.        ,    0.        ,
           0.        ,    0.        ,    0.        ,    0.        ,
           0.        ,    0.        ,    0.        ,    0.        ,
           0.        ,    0.        ,    0.        ,    0.        ,
           0.        ,    0.        ,    0.        ,    0.        ,
           0.        ,    0.        ,    0.        ,    0.        ,
           0.        ,    0.        ,    0.        ,    0.        ,
           0.        ,    0.        ,    0.        ,    0.        ,
           0.        ,    0.        ,    0.        ,    0.        ,
           0.        ,    0.        ,    0.        ,    0.        ,
           0.        ,    0.        ,    0.        ,    0.        ,
           0.        ,    0.        ,    0.        ,    0.        ,
           0.        ,    0.        ,    0.        ,    0.        ,
           0.        ,    0.        ,    0.        ,    0.        ,
           0.        ,    0.        ,    0.        ,    0.        ,
           0.        ,    0.        ,    0.        ,    0.        ,
           0.        ,    0.        ,    0.        ,    0.        ,
           0.        ,    0.        ,    0.        ,    0.        ,
           0.        ,    0.        ,    0.        ,    0.        ,
           0.        ,    0.        ,    0.        ,    0.        ,
           0.        ,    0.        ,    0.        ,    0.        ,
           0.        ,    0.        ,    0.        ,    0.        ,
           0.        ,    0.        ,    0.        ,    0.        ,
           0.        ,    0.        ,    0.        ,    0.        ,
           0.        ,    0.        ],
       [ 233.96921   ,   58.682194  ,   48.802685  ,   42.729126  ,
          34.73777   ,   29.10646   ,   26.58585   ,   19.427572  ,
          18.822079  ,   17.05675   ,   16.465645  ,   15.584783  ,
          14.156654  ,   14.147814  ,   13.4317465 ,    8.359771  ,
           7.731871  ,    7.3315144 ,    4.882853  ,    4.322223  ,
           4.3121705 ,    4.577009  ,    4.457444  ,    3.9180284 ,
           4.1092896 ,    4.014834  ,    2.6906226 ,    2.6335616 ,
           2.3108988 ,    2.0592096 ,    1.9951638 ,    1.2478667 ,
           1.258712  ,    1.0652341 ,    0.85909975,    0.82389927,
           0.715477  ,    0.6610698 ,    0.        ,    0.        ,
           0.        ,    0.        ,    0.        ,    0.        ,
           0.        ,    0.        ,    0.        ,    0.        ,
           0.        ,    0.        ,    0.        ,    0.        ,
           0.        ,    0.        ,    0.        ,    0.        ,
           0.        ,    0.        ,    0.        ,    0.        ,
           0.        ,    0.        ,    0.        ,    0.        ,
           0.        ,    0.        ,    0.        ,    0.        ,
           0.        ,    0.        ,    0.        ,    0.        ,
           0.        ,    0.        ,    0.        ,    0.        ,
           0.        ,    0.        ,    0.        ,    0.        ,
           0.        ,    0.        ,    0.        ,    0.        ,
           0.        ,    0.        ,    0.        ,    0.        ,
           0.        ,    0.        ,    0.        ,    0.        ,
           0.        ,    0.        ,    0.        ,    0.        ,
           0.        ,    0.        ,    0.        ,    0.        ,
           0.        ,    0.        ,    0.        ,    0.        ,
           0.        ,    0.        ,    0.        ,    0.        ,
           0.        ,    0.        ,    0.        ,    0.        ,
           0.        ,    0.        ,    0.        ,    0.        ,
           0.        ,    0.        ,    0.        ,    0.        ,
           0.        ,    0.        ,    0.        ,    0.        ,
           0.        ,    0.        ,    0.        ,    0.        ,
           0.        ,    0.        ,    0.        ,    0.        ,
           0.        ,    0.        ,    0.        ,    0.        ,
           0.        ,    0.        ,    0.        ,    0.        ,
           0.        ,    0.        ,    0.        ,    0.        ,
           0.        ,    0.        ,    0.        ,    0.        ,
           0.        ,    0.        ],
       [  41.88929   ,   -4.8352146 ,   -4.0944304 ,    6.9828196 ,
          -2.5432837 ,    1.9111654 ,    1.5144696 ,    2.736882  ,
           1.1579834 ,    0.9897562 ,    0.831988  ,    0.9724275 ,
          -1.3039569 ,    1.3282813 ,    0.90488505,    0.17929938,
           0.55761176,    0.886736  ,    0.62057334,    0.34012923,
          -0.31151143,    0.04749002,    0.48781338,   -0.21966973,
          -0.3947741 ,   -0.11142963,    0.35433194,   -0.35120293,
           0.5184049 ,    0.39795378,    0.14413074,    0.2701058 ,
          -0.13885641,    0.01598832,    0.09644081,   -0.0939825 ,
           0.01841164,    0.06899935,    0.        ,    0.        ,
           0.        ,    0.        ,    0.        ,    0.        ,
           0.        ,    0.        ,    0.        ,    0.        ,
           0.        ,    0.        ,    0.        ,    0.        ,
           0.        ,    0.        ,    0.        ,    0.        ,
           0.        ,    0.        ,    0.        ,    0.        ,
           0.        ,    0.        ,    0.        ,    0.        ,
           0.        ,    0.        ,    0.        ,    0.        ,
           0.        ,    0.        ,    0.        ,    0.        ,
           0.        ,    0.        ,    0.        ,    0.        ,
           0.        ,    0.        ,    0.        ,    0.        ,
           0.        ,    0.        ,    0.        ,    0.        ,
           0.        ,    0.        ,    0.        ,    0.        ,
           0.        ,    0.        ,    0.        ,    0.        ,
           0.        ,    0.        ,    0.        ,    0.        ,
           0.        ,    0.        ,    0.        ,    0.        ,
           0.        ,    0.        ,    0.        ,    0.        ,
           0.        ,    0.        ,    0.        ,    0.        ,
           0.        ,    0.        ,    0.        ,    0.        ,
           0.        ,    0.        ,    0.        ,    0.        ,
           0.        ,    0.        ,    0.        ,    0.        ,
           0.        ,    0.        ,    0.        ,    0.        ,
           0.        ,    0.        ,    0.        ,    0.        ,
           0.        ,    0.        ,    0.        ,    0.        ,
           0.        ,    0.        ,    0.        ,    0.        ,
           0.        ,    0.        ,    0.        ,    0.        ,
           0.        ,    0.        ,    0.        ,    0.        ,
           0.        ,    0.        ,    0.        ,    0.        ,
           0.        ,    0.        ],
       [ 336.85788   ,   89.025475  ,   74.51924   ,   60.96536   ,
          52.61765   ,   42.499004  ,   39.229298  ,   28.296127  ,
          27.263071  ,   26.405869  ,   23.78079   ,   23.149338  ,
          22.201204  ,   20.46387   ,   19.064537  ,   12.725257  ,
          11.396329  ,   10.260509  ,    7.0726147 ,    6.7761965 ,
           6.563067  ,    6.332122  ,    6.306963  ,    5.860605  ,
           5.8670516 ,    5.8425703 ,    4.0598373 ,    3.8076112 ,
           3.4076467 ,    3.1381009 ,    3.036613  ,    1.9422636 ,
           1.9186153 ,    1.6300877 ,    1.332548  ,    1.2151043 ,
           1.0522009 ,    0.892096  ,    0.        ,    0.        ,
           0.        ,    0.        ,    0.        ,    0.        ,
           0.        ,    0.        ,    0.        ,    0.        ,
           0.        ,    0.        ,    0.        ,    0.        ,
           0.        ,    0.        ,    0.        ,    0.        ,
           0.        ,    0.        ,    0.        ,    0.        ,
           0.        ,    0.        ,    0.        ,    0.        ,
           0.        ,    0.        ,    0.        ,    0.        ,
           0.        ,    0.        ,    0.        ,    0.        ,
           0.        ,    0.        ,    0.        ,    0.        ,
           0.        ,    0.        ,    0.        ,    0.        ,
           0.        ,    0.        ,    0.        ,    0.        ,
           0.        ,    0.        ,    0.        ,    0.        ,
           0.        ,    0.        ,    0.        ,    0.        ,
           0.        ,    0.        ,    0.        ,    0.        ,
           0.        ,    0.        ,    0.        ,    0.        ,
           0.        ,    0.        ,    0.        ,    0.        ,
           0.        ,    0.        ,    0.        ,    0.        ,
           0.        ,    0.        ,    0.        ,    0.        ,
           0.        ,    0.        ,    0.        ,    0.        ,
           0.        ,    0.        ,    0.        ,    0.        ,
           0.        ,    0.        ,    0.        ,    0.        ,
           0.        ,    0.        ,    0.        ,    0.        ,
           0.        ,    0.        ,    0.        ,    0.        ,
           0.        ,    0.        ,    0.        ,    0.        ,
           0.        ,    0.        ,    0.        ,    0.        ,
           0.        ,    0.        ,    0.        ,    0.        ,
           0.        ,    0.        ,    0.        ,    0.        ,
           0.        ,    0.        ],
       [   0.33727112,    0.08913469,    0.07461066,    0.06104015,
           0.0526822 ,    0.04255114,    0.03927742,    0.02833084,
           0.02729652,    0.02643826,    0.02380996,    0.02317774,
           0.02222844,    0.02048897,    0.01908793,    0.01274087,
           0.01141031,    0.0102731 ,    0.00708129,    0.00678451,
           0.00657112,    0.00633989,    0.0063147 ,    0.00586779,
           0.00587425,    0.00584974,    0.00406482,    0.00381228,
           0.00341183,    0.00314195,    0.00304034,    0.00194465,
           0.00192097,    0.00163209,    0.00133418,    0.0012166 ,
           0.00105349,    0.00089319,    0.        ,    0.        ,
           0.        ,    0.        ,    0.        ,    0.        ,
           0.        ,    0.        ,    0.        ,    0.        ,
           0.        ,    0.        ,    0.        ,    0.        ,
           0.        ,    0.        ,    0.        ,    0.        ,
           0.        ,    0.        ,    0.        ,    0.        ,
           0.        ,    0.        ,    0.        ,    0.        ,
           0.        ,    0.        ,    0.        ,    0.        ,
           0.        ,    0.        ,    0.        ,    0.        ,
           0.        ,    0.        ,    0.        ,    0.        ,
           0.        ,    0.        ,    0.        ,    0.        ,
           0.        ,    0.        ,    0.        ,    0.        ,
           0.        ,    0.        ,    0.        ,    0.        ,
           0.        ,    0.        ,    0.        ,    0.        ,
           0.        ,    0.        ,    0.        ,    0.        ,
           0.        ,    0.        ,    0.        ,    0.        ,
           0.        ,    0.        ,    0.        ,    0.        ,
           0.        ,    0.        ,    0.        ,    0.        ,
           0.        ,    0.        ,    0.        ,    0.        ,
           0.        ,    0.        ,    0.        ,    0.        ,
           0.        ,    0.        ,    0.        ,    0.        ,
           0.        ,    0.        ,    0.        ,    0.        ,
           0.        ,    0.        ,    0.        ,    0.        ,
           0.        ,    0.        ,    0.        ,    0.        ,
           0.        ,    0.        ,    0.        ,    0.        ,
           0.        ,    0.        ,    0.        ,    0.        ,
           0.        ,    0.        ,    0.        ,    0.        ,
           0.        ,    0.        ,    0.        ,    0.        ,
           0.        ,    0.        ],
       [ 334.2432    ,   88.89396   ,   74.40667   ,   60.563984  ,
          52.547684  ,   42.45601   ,   39.19981   ,   28.163105  ,
          27.238466  ,   26.387314  ,   23.766233  ,   23.128487  ,
          22.162436  ,   20.420715  ,   19.043049  ,   12.7232275 ,
          11.381823  ,   10.221144  ,    7.0439844 ,    6.7662115 ,
           6.55567   ,    6.3319435 ,    6.2880697 ,    5.856487  ,
           5.8520713 ,    5.839879  ,    4.0443454 ,    3.7913797 ,
           3.365094  ,    3.1127656 ,    3.0331905 ,    1.91838   ,
           1.913584  ,    1.6240442 ,    1.3290535 ,    1.2114644 ,
           1.0520399 ,    0.88942355,    0.        ,    0.        ,
           0.        ,    0.        ,    0.        ,    0.        ,
           0.        ,    0.        ,    0.        ,    0.        ,
           0.        ,    0.        ,    0.        ,    0.        ,
           0.        ,    0.        ,    0.        ,    0.        ,
           0.        ,    0.        ,    0.        ,    0.        ,
           0.        ,    0.        ,    0.        ,    0.        ,
           0.        ,    0.        ,    0.        ,    0.        ,
           0.        ,    0.        ,    0.        ,    0.        ,
           0.        ,    0.        ,    0.        ,    0.        ,
           0.        ,    0.        ,    0.        ,    0.        ,
           0.        ,    0.        ,    0.        ,    0.        ,
           0.        ,    0.        ,    0.        ,    0.        ,
           0.        ,    0.        ,    0.        ,    0.        ,
           0.        ,    0.        ,    0.        ,    0.        ,
           0.        ,    0.        ,    0.        ,    0.        ,
           0.        ,    0.        ,    0.        ,    0.        ,
           0.        ,    0.        ,    0.        ,    0.        ,
           0.        ,    0.        ,    0.        ,    0.        ,
           0.        ,    0.        ,    0.        ,    0.        ,
           0.        ,    0.        ,    0.        ,    0.        ,
           0.        ,    0.        ,    0.        ,    0.        ,
           0.        ,    0.        ,    0.        ,    0.        ,
           0.        ,    0.        ,    0.        ,    0.        ,
           0.        ,    0.        ,    0.        ,    0.        ,
           0.        ,    0.        ,    0.        ,    0.        ,
           0.        ,    0.        ,    0.        ,    0.        ,
           0.        ,    0.        ,    0.        ,    0.        ,
           0.        ,    0.        ],
       [   0.3361343 ,    0.08939691,    0.07482766,    0.06090665,
           0.05284499,    0.04269622,    0.0394216 ,    0.02832245,
           0.02739258,    0.02653661,    0.0239007 ,    0.02325934,
           0.02228783,    0.02053625,    0.01915079,    0.01279521,
           0.01144622,    0.01027897,    0.00708384,    0.00680449,
           0.00659276,    0.00636777,    0.00632365,    0.00588962,
           0.00588518,    0.00587292,    0.00406723,    0.00381283,
           0.00338413,    0.00313038,    0.00305035,    0.00192923,
           0.00192441,    0.00163323,    0.00133657,    0.00121832,
           0.00105799,    0.00089446,    0.        ,    0.        ,
           0.        ,    0.        ,    0.        ,    0.        ,
           0.        ,    0.        ,    0.        ,    0.        ,
           0.        ,    0.        ,    0.        ,    0.        ,
           0.        ,    0.        ,    0.        ,    0.        ,
           0.        ,    0.        ,    0.        ,    0.        ,
           0.        ,    0.        ,    0.        ,    0.        ,
           0.        ,    0.        ,    0.        ,    0.        ,
           0.        ,    0.        ,    0.        ,    0.        ,
           0.        ,    0.        ,    0.        ,    0.        ,
           0.        ,    0.        ,    0.        ,    0.        ,
           0.        ,    0.        ,    0.        ,    0.        ,
           0.        ,    0.        ,    0.        ,    0.        ,
           0.        ,    0.        ,    0.        ,    0.        ,
           0.        ,    0.        ,    0.        ,    0.        ,
           0.        ,    0.        ,    0.        ,    0.        ,
           0.        ,    0.        ,    0.        ,    0.        ,
           0.        ,    0.        ,    0.        ,    0.        ,
           0.        ,    0.        ,    0.        ,    0.        ,
           0.        ,    0.        ,    0.        ,    0.        ,
           0.        ,    0.        ,    0.        ,    0.        ,
           0.        ,    0.        ,    0.        ,    0.        ,
           0.        ,    0.        ,    0.        ,    0.        ,
           0.        ,    0.        ,    0.        ,    0.        ,
           0.        ,    0.        ,    0.        ,    0.        ,
           0.        ,    0.        ,    0.        ,    0.        ,
           0.        ,    0.        ,    0.        ,    0.        ,
           0.        ,    0.        ,    0.        ,    0.        ,
           0.        ,    0.        ],
       [   0.125     ,   -0.05436628,   -0.055     ,    0.11504264,
          -0.04838067,    0.045     ,    0.03862501,    0.09702738,
           0.0425    ,    0.0375    ,    0.035     ,    0.0420322 ,
          -0.05880246,    0.065     ,    0.0475    ,    0.01409182,
           0.04897185,    0.08664661,    0.08798619,    0.05024764,
          -0.0475    ,    0.0075    ,    0.0775    ,   -0.0375    ,
          -0.06740781,   -0.01907966,    0.0875    ,   -0.09249999,
           0.1534507 ,    0.1275    ,    0.0475    ,    0.1403378 ,
          -0.0725    ,    0.0098446 ,    0.0725    ,   -0.0775    ,
           0.0175    ,    0.0775    ,    0.        ,    0.        ,
           0.        ,    0.        ,    0.        ,    0.        ,
           0.        ,    0.        ,    0.        ,    0.        ,
           0.        ,    0.        ,    0.        ,    0.        ,
           0.        ,    0.        ,    0.        ,    0.        ,
           0.        ,    0.        ,    0.        ,    0.        ,
           0.        ,    0.        ,    0.        ,    0.        ,
           0.        ,    0.        ,    0.        ,    0.        ,
           0.        ,    0.        ,    0.        ,    0.        ,
           0.        ,    0.        ,    0.        ,    0.        ,
           0.        ,    0.        ,    0.        ,    0.        ,
           0.        ,    0.        ,    0.        ,    0.        ,
           0.        ,    0.        ,    0.        ,    0.        ,
           0.        ,    0.        ,    0.        ,    0.        ,
           0.        ,    0.        ,    0.        ,    0.        ,
           0.        ,    0.        ,    0.        ,    0.        ,
           0.        ,    0.        ,    0.        ,    0.        ,
           0.        ,    0.        ,    0.        ,    0.        ,
           0.        ,    0.        ,    0.        ,    0.        ,
           0.        ,    0.        ,    0.        ,    0.        ,
           0.        ,    0.        ,    0.        ,    0.        ,
           0.        ,    0.        ,    0.        ,    0.        ,
           0.        ,    0.        ,    0.        ,    0.        ,
           0.        ,    0.        ,    0.        ,    0.        ,
           0.        ,    0.        ,    0.        ,    0.        ,
           0.        ,    0.        ,    0.        ,    0.        ,
           0.        ,    0.        ,    0.        ,    0.        ,
           0.        ,    0.        ,    0.        ,    0.        ,
           0.        ,    0.        ],
       [   0.07290429,   -0.10646199,   -0.10709571,    0.06294692,
          -0.10047638,   -0.00709572,   -0.0134707 ,    0.04493167,
          -0.00959571,   -0.01459571,   -0.01709571,   -0.01006351,
          -0.11089817,    0.01290428,   -0.00459571,   -0.0380039 ,
          -0.00312386,    0.03455089,    0.03589048,   -0.00184808,
          -0.09959572,   -0.04459571,    0.02540428,   -0.08959571,
          -0.11950352,   -0.07117537,    0.03540428,   -0.14459571,
           0.10135498,    0.07540429,   -0.00459571,    0.08824208,
          -0.12459572,   -0.04225112,    0.02040428,   -0.12959571,
          -0.03459572,    0.02540429,    0.        ,    0.        ,
           0.        ,    0.        ,    0.        ,    0.        ,
           0.        ,    0.        ,    0.        ,    0.        ,
           0.        ,    0.        ,    0.        ,    0.        ,
           0.        ,    0.        ,    0.        ,    0.        ,
           0.        ,    0.        ,    0.        ,    0.        ,
           0.        ,    0.        ,    0.        ,    0.        ,
           0.        ,    0.        ,    0.        ,    0.        ,
           0.        ,    0.        ,    0.        ,    0.        ,
           0.        ,    0.        ,    0.        ,    0.        ,
           0.        ,    0.        ,    0.        ,    0.        ,
           0.        ,    0.        ,    0.        ,    0.        ,
           0.        ,    0.        ,    0.        ,    0.        ,
           0.        ,    0.        ,    0.        ,    0.        ,
           0.        ,    0.        ,    0.        ,    0.        ,
           0.        ,    0.        ,    0.        ,    0.        ,
           0.        ,    0.        ,    0.        ,    0.        ,
           0.        ,    0.        ,    0.        ,    0.        ,
           0.        ,    0.        ,    0.        ,    0.        ,
           0.        ,    0.        ,    0.        ,    0.        ,
           0.        ,    0.        ,    0.        ,    0.        ,
           0.        ,    0.        ,    0.        ,    0.        ,
           0.        ,    0.        ,    0.        ,    0.        ,
           0.        ,    0.        ,    0.        ,    0.        ,
           0.        ,    0.        ,    0.        ,    0.        ,
           0.        ,    0.        ,    0.        ,    0.        ,
           0.        ,    0.        ,    0.        ,    0.        ,
           0.        ,    0.        ,    0.        ,    0.        ,
           0.        ,    0.        ],
       [  -0.        ,    0.        ,    0.00512063,   -0.01030754,
           0.00055636,   -0.00394635,    0.00380311,    0.00546796,
          -0.01182665,    0.04395997,   -0.01636902,    0.01045502,
           0.02512325,   -0.00773608,   -0.02949659,    0.02375479,
           0.00535991,   -0.03452656,   -0.00160792,    0.05716813,
           0.00493805,   -0.06476423,   -0.02566607,   -0.00632828,
          -0.05782283,   -0.02484702,    0.03464705,   -0.05484568,
           0.02584079,    0.05103354,    0.03257148,    0.06879757,
          -0.00228378,    0.02394458,    0.05420615,   -0.03186668,
          -0.0047223 ,   -0.07359662,    0.        ,    0.        ,
           0.        ,    0.        ,    0.        ,    0.        ,
           0.        ,    0.        ,    0.        ,    0.        ,
           0.        ,    0.        ,    0.        ,    0.        ,
           0.        ,    0.        ,    0.        ,    0.        ,
           0.        ,    0.        ,    0.        ,    0.        ,
           0.        ,    0.        ,    0.        ,    0.        ,
           0.        ,    0.        ,    0.        ,    0.        ,
           0.        ,    0.        ,    0.        ,    0.        ,
           0.        ,    0.        ,    0.        ,    0.        ,
           0.        ,    0.        ,    0.        ,    0.        ,
           0.        ,    0.        ,    0.        ,    0.        ,
           0.        ,    0.        ,    0.        ,    0.        ,
           0.        ,    0.        ,    0.        ,    0.        ,
           0.        ,    0.        ,    0.        ,    0.        ,
           0.        ,    0.        ,    0.        ,    0.        ,
           0.        ,    0.        ,    0.        ,    0.        ,
           0.        ,    0.        ,    0.        ,    0.        ,
           0.        ,    0.        ,    0.        ,    0.        ,
           0.        ,    0.        ,    0.        ,    0.        ,
           0.        ,    0.        ,    0.        ,    0.        ,
           0.        ,    0.        ,    0.        ,    0.        ,
           0.        ,    0.        ,    0.        ,    0.        ,
           0.        ,    0.        ,    0.        ,    0.        ,
           0.        ,    0.        ,    0.        ,    0.        ,
           0.        ,    0.        ,    0.        ,    0.        ,
           0.        ,    0.        ,    0.        ,    0.        ,
           0.        ,    0.        ,    0.        ,    0.        ,
           0.        ,    0.        ],
       [   2.3661995 ,    2.4205916 ,    2.42623   ,    2.3584354 ,
           2.4193468 ,    2.3862097 ,    2.3962634 ,    2.3803475 ,
           2.378706  ,    2.4387364 ,    2.3762047 ,    2.402206  ,
           2.4486969 ,    2.3762047 ,    2.3586957 ,    2.4246967 ,
           2.3947606 ,    2.3416889 ,    2.3756804 ,    2.4486613 ,
           2.4237287 ,    2.333683  ,    2.3536932 ,    2.4087212 ,
           2.3631182 ,    2.3835714 ,    2.4137237 ,    2.3737035 ,
           2.3846166 ,    2.4187262 ,    2.4237287 ,    2.4333773 ,
           2.4237287 ,    2.4261992 ,    2.4387364 ,    2.3937135 ,
           2.3937135 ,    2.3036678 ,    0.        ,    0.        ,
           0.        ,    0.        ,    0.        ,    0.        ,
           0.        ,    0.        ,    0.        ,    0.        ,
           0.        ,    0.        ,    0.        ,    0.        ,
           0.        ,    0.        ,    0.        ,    0.        ,
           0.        ,    0.        ,    0.        ,    0.        ,
           0.        ,    0.        ,    0.        ,    0.        ,
           0.        ,    0.        ,    0.        ,    0.        ,
           0.        ,    0.        ,    0.        ,    0.        ,
           0.        ,    0.        ,    0.        ,    0.        ,
           0.        ,    0.        ,    0.        ,    0.        ,
           0.        ,    0.        ,    0.        ,    0.        ,
           0.        ,    0.        ,    0.        ,    0.        ,
           0.        ,    0.        ,    0.        ,    0.        ,
           0.        ,    0.        ,    0.        ,    0.        ,
           0.        ,    0.        ,    0.        ,    0.        ,
           0.        ,    0.        ,    0.        ,    0.        ,
           0.        ,    0.        ,    0.        ,    0.        ,
           0.        ,    0.        ,    0.        ,    0.        ,
           0.        ,    0.        ,    0.        ,    0.        ,
           0.        ,    0.        ,    0.        ,    0.        ,
           0.        ,    0.        ,    0.        ,    0.        ,
           0.        ,    0.        ,    0.        ,    0.        ,
           0.        ,    0.        ,    0.        ,    0.        ,
           0.        ,    0.        ,    0.        ,    0.        ,
           0.        ,    0.        ,    0.        ,    0.        ,
           0.        ,    0.        ,    0.        ,    0.        ,
           0.        ,    0.        ,    0.        ,    0.        ,
           0.        ,    0.        ],
       [  -0.02230952,    0.03208246,    0.03772093,   -0.03007356,
           0.03083784,   -0.00229929,    0.00775443,   -0.00816164,
          -0.00980304,    0.05022741,   -0.01230429,    0.01369684,
           0.06018771,   -0.01230428,   -0.02981325,    0.03618754,
           0.00625148,   -0.04682015,   -0.01282859,    0.06015234,
           0.03521968,   -0.05482598,   -0.03481576,    0.02021217,
          -0.02539079,   -0.00493761,    0.02521468,   -0.01480552,
          -0.00389238,    0.03021716,    0.03521967,    0.04486815,
           0.03521971,    0.03769017,    0.05022738,    0.00520447,
           0.00520442,   -0.08484125,    0.        ,    0.        ,
           0.        ,    0.        ,    0.        ,    0.        ,
           0.        ,    0.        ,    0.        ,    0.        ,
           0.        ,    0.        ,    0.        ,    0.        ,
           0.        ,    0.        ,    0.        ,    0.        ,
           0.        ,    0.        ,    0.        ,    0.        ,
           0.        ,    0.        ,    0.        ,    0.        ,
           0.        ,    0.        ,    0.        ,    0.        ,
           0.        ,    0.        ,    0.        ,    0.        ,
           0.        ,    0.        ,    0.        ,    0.        ,
           0.        ,    0.        ,    0.        ,    0.        ,
           0.        ,    0.        ,    0.        ,    0.        ,
           0.        ,    0.        ,    0.        ,    0.        ,
           0.        ,    0.        ,    0.        ,    0.        ,
           0.        ,    0.        ,    0.        ,    0.        ,
           0.        ,    0.        ,    0.        ,    0.        ,
           0.        ,    0.        ,    0.        ,    0.        ,
           0.        ,    0.        ,    0.        ,    0.        ,
           0.        ,    0.        ,    0.        ,    0.        ,
           0.        ,    0.        ,    0.        ,    0.        ,
           0.        ,    0.        ,    0.        ,    0.        ,
           0.        ,    0.        ,    0.        ,    0.        ,
           0.        ,    0.        ,    0.        ,    0.        ,
           0.        ,    0.        ,    0.        ,    0.        ,
           0.        ,    0.        ,    0.        ,    0.        ,
           0.        ,    0.        ,    0.        ,    0.        ,
           0.        ,    0.        ,    0.        ,    0.        ,
           0.        ,    0.        ,    0.        ,    0.        ,
           0.        ,    0.        ],
       [   0.        ,   -0.18643478,   -0.188661  ,   -0.00729276,
          -0.18044078,   -0.08228241,   -0.09126503,   -0.03086236,
          -0.0825067 ,   -0.10469379,   -0.08894274,   -0.08973503,
          -0.19878188,   -0.06029841,   -0.07198714,   -0.12286974,
          -0.08096085,   -0.029656  ,   -0.03816621,   -0.09544693,
          -0.18087819,   -0.10306197,   -0.04186437,   -0.16711812,
          -0.18241777,   -0.14248836,   -0.04964001,   -0.20896444,
           0.02192789,   -0.01277792,   -0.09077241,   -0.00470093,
          -0.2043709 ,   -0.12734355,   -0.07127435,   -0.20049584,
          -0.11065174,   -0.02750447,    0.        ,    0.        ,
           0.        ,    0.        ,    0.        ,    0.        ,
           0.        ,    0.        ,    0.        ,    0.        ,
           0.        ,    0.        ,    0.        ,    0.        ,
           0.        ,    0.        ,    0.        ,    0.        ,
           0.        ,    0.        ,    0.        ,    0.        ,
           0.        ,    0.        ,    0.        ,    0.        ,
           0.        ,    0.        ,    0.        ,    0.        ,
           0.        ,    0.        ,    0.        ,    0.        ,
           0.        ,    0.        ,    0.        ,    0.        ,
           0.        ,    0.        ,    0.        ,    0.        ,
           0.        ,    0.        ,    0.        ,    0.        ,
           0.        ,    0.        ,    0.        ,    0.        ,
           0.        ,    0.        ,    0.        ,    0.        ,
           0.        ,    0.        ,    0.        ,    0.        ,
           0.        ,    0.        ,    0.        ,    0.        ,
           0.        ,    0.        ,    0.        ,    0.        ,
           0.        ,    0.        ,    0.        ,    0.        ,
           0.        ,    0.        ,    0.        ,    0.        ,
           0.        ,    0.        ,    0.        ,    0.        ,
           0.        ,    0.        ,    0.        ,    0.        ,
           0.        ,    0.        ,    0.        ,    0.        ,
           0.        ,    0.        ,    0.        ,    0.        ,
           0.        ,    0.        ,    0.        ,    0.        ,
           0.        ,    0.        ,    0.        ,    0.        ,
           0.        ,    0.        ,    0.        ,    0.        ,
           0.        ,    0.        ,    0.        ,    0.        ,
           0.        ,    0.        ,    0.        ,    0.        ,
           0.        ,    0.        ],
       [   0.0762414 ,    0.111191  ,    0.11354453,    0.06976198,
           0.10510221,    0.00745895,    0.0155432 ,    0.04566692,
           0.01371778,    0.05230514,    0.02106321,    0.0169964 ,
           0.12617831,    0.01783019,    0.03016539,    0.05247699,
           0.00698853,    0.0581884 ,    0.03811429,    0.06018073,
           0.10563964,    0.07067295,    0.04309889,    0.09184729,
           0.12217113,    0.07134643,    0.04346542,    0.14535172,
           0.10142969,    0.08123351,    0.03551825,    0.09899402,
           0.12947787,    0.05661895,    0.05421369,    0.12970017,
           0.03498499,    0.08856306,    0.        ,    0.        ,
           0.        ,    0.        ,    0.        ,    0.        ,
           0.        ,    0.        ,    0.        ,    0.        ,
           0.        ,    0.        ,    0.        ,    0.        ,
           0.        ,    0.        ,    0.        ,    0.        ,
           0.        ,    0.        ,    0.        ,    0.        ,
           0.        ,    0.        ,    0.        ,    0.        ,
           0.        ,    0.        ,    0.        ,    0.        ,
           0.        ,    0.        ,    0.        ,    0.        ,
           0.        ,    0.        ,    0.        ,    0.        ,
           0.        ,    0.        ,    0.        ,    0.        ,
           0.        ,    0.        ,    0.        ,    0.        ,
           0.        ,    0.        ,    0.        ,    0.        ,
           0.        ,    0.        ,    0.        ,    0.        ,
           0.        ,    0.        ,    0.        ,    0.        ,
           0.        ,    0.        ,    0.        ,    0.        ,
           0.        ,    0.        ,    0.        ,    0.        ,
           0.        ,    0.        ,    0.        ,    0.        ,
           0.        ,    0.        ,    0.        ,    0.        ,
           0.        ,    0.        ,    0.        ,    0.        ,
           0.        ,    0.        ,    0.        ,    0.        ,
           0.        ,    0.        ,    0.        ,    0.        ,
           0.        ,    0.        ,    0.        ,    0.        ,
           0.        ,    0.        ,    0.        ,    0.        ,
           0.        ,    0.        ,    0.        ,    0.        ,
           0.        ,    0.        ,    0.        ,    0.        ,
           0.        ,    0.        ,    0.        ,    0.        ,
           0.        ,    0.        ,    0.        ,    0.        ,
           0.        ,    0.        ],
       [   0.12435301,   -0.05431278,   -0.05494461,    0.11453779,
          -0.04834295,    0.04496965,    0.03860582,    0.09672404,
           0.04247443,    0.03748243,    0.03498571,    0.04200746,
          -0.05873478,    0.06490861,    0.04746431,    0.01409089,
           0.04893274,    0.08643042,    0.08775984,    0.05020539,
          -0.04746431,    0.00749986,    0.07734521,   -0.03748243,
          -0.0673059 ,   -0.01907734,    0.08727737,   -0.09223708,
           0.15225749,    0.12681358,    0.04746431,    0.1394237 ,
          -0.07237324,    0.00984428,    0.07237324,   -0.07734521,
           0.01749821,    0.07734521,    0.        ,    0.        ,
           0.        ,    0.        ,    0.        ,    0.        ,
           0.        ,    0.        ,    0.        ,    0.        ,
           0.        ,    0.        ,    0.        ,    0.        ,
           0.        ,    0.        ,    0.        ,    0.        ,
           0.        ,    0.        ,    0.        ,    0.        ,
           0.        ,    0.        ,    0.        ,    0.        ,
           0.        ,    0.        ,    0.        ,    0.        ,
           0.        ,    0.        ,    0.        ,    0.        ,
           0.        ,    0.        ,    0.        ,    0.        ,
           0.        ,    0.        ,    0.        ,    0.        ,
           0.        ,    0.        ,    0.        ,    0.        ,
           0.        ,    0.        ,    0.        ,    0.        ,
           0.        ,    0.        ,    0.        ,    0.        ,
           0.        ,    0.        ,    0.        ,    0.        ,
           0.        ,    0.        ,    0.        ,    0.        ,
           0.        ,    0.        ,    0.        ,    0.        ,
           0.        ,    0.        ,    0.        ,    0.        ,
           0.        ,    0.        ,    0.        ,    0.        ,
           0.        ,    0.        ,    0.        ,    0.        ,
           0.        ,    0.        ,    0.        ,    0.        ,
           0.        ,    0.        ,    0.        ,    0.        ,
           0.        ,    0.        ,    0.        ,    0.        ,
           0.        ,    0.        ,    0.        ,    0.        ,
           0.        ,    0.        ,    0.        ,    0.        ,
           0.        ,    0.        ,    0.        ,    0.        ,
           0.        ,    0.        ,    0.        ,    0.        ,
           0.        ,    0.        ,    0.        ,    0.        ,
           0.        ,    0.        ],
       [   0.        ,    0.        ,    0.00512058,   -0.01030717,
           0.00055636,   -0.00394633,    0.0038031 ,    0.00546791,
          -0.0118261 ,    0.04393167,   -0.01636756,    0.01045464,
           0.02511797,   -0.00773592,   -0.02948804,    0.02375033,
           0.00535986,   -0.03451285,   -0.00160792,    0.05710594,
           0.00493801,   -0.06467383,   -0.02566044,   -0.00632819,
          -0.05775848,   -0.02484191,    0.0346332 ,   -0.05479075,
           0.02583504,    0.05098928,    0.03255997,    0.06868924,
          -0.00228378,    0.02394001,    0.05415312,   -0.0318559 ,
          -0.00472226,   -0.07346403,    0.        ,    0.        ,
           0.        ,    0.        ,    0.        ,    0.        ,
           0.        ,    0.        ,    0.        ,    0.        ,
           0.        ,    0.        ,    0.        ,    0.        ,
           0.        ,    0.        ,    0.        ,    0.        ,
           0.        ,    0.        ,    0.        ,    0.        ,
           0.        ,    0.        ,    0.        ,    0.        ,
           0.        ,    0.        ,    0.        ,    0.        ,
           0.        ,    0.        ,    0.        ,    0.        ,
           0.        ,    0.        ,    0.        ,    0.        ,
           0.        ,    0.        ,    0.        ,    0.        ,
           0.        ,    0.        ,    0.        ,    0.        ,
           0.        ,    0.        ,    0.        ,    0.        ,
           0.        ,    0.        ,    0.        ,    0.        ,
           0.        ,    0.        ,    0.        ,    0.        ,
           0.        ,    0.        ,    0.        ,    0.        ,
           0.        ,    0.        ,    0.        ,    0.        ,
           0.        ,    0.        ,    0.        ,    0.        ,
           0.        ,    0.        ,    0.        ,    0.        ,
           0.        ,    0.        ,    0.        ,    0.        ,
           0.        ,    0.        ,    0.        ,    0.        ,
           0.        ,    0.        ,    0.        ,    0.        ,
           0.        ,    0.        ,    0.        ,    0.        ,
           0.        ,    0.        ,    0.        ,    0.        ,
           0.        ,    0.        ,    0.        ,    0.        ,
           0.        ,    0.        ,    0.        ,    0.        ,
           0.        ,    0.        ,    0.        ,    0.        ,
           0.        ,    0.        ,    0.        ,    0.        ,
           0.        ,    0.        ]]
